Results from Boosting:

         1   +8.44356041770264E-001
          1   +8.44356041770264E-001
          1   +8.44356041770264E-001
          2   +8.38886126305321E-001
          2   +8.38886126305321E-001
          2   +8.38886126305321E-001
          2   +8.38886126305321E-001
          3   +8.06563898557931E-001
          3   +8.06563898557931E-001
          3   +8.06563898557931E-001
          3   +8.06563898557931E-001
          4   +7.16061660865241E-001
          4   +7.16061660865241E-001
          4   +7.16061660865241E-001
          4   +7.16061660865241E-001
          5   +6.02685231228245E-001
          5   +6.02685231228245E-001
          5   +6.02685231228245E-001
          5   +6.02685231228245E-001
          6   +4.81849825957235E-001
